Дана функція: 25 * sin(25 * pi * x), на проміжку х є [-9.42477796076938; 9.42477796076938]

***  Коефіцієнти ряду Фур'є ***  
b_0   = -            a_0  = 0.0         
b_1   = 0.0697806    a_1  = 0.0         
b_2   = -0.2108919   a_2  = 0.0         
b_3   = 2.1351988    a_3  = 0.0         
b_4   = 0.4038409    a_4  = 0.0         
b_5   = -0.2045307   a_5  = 0.0         
b_6   = 0.1421164    a_6  = 0.0         
b_7   = -0.1107191   a_7  = 0.0         
b_8   = 0.0914719    a_8  = 0.0         
b_9   = -0.0783116   a_9  = 0.0         
b_10  = 0.0686701    a_10 = 0.0         
